R = 1.8;
L = 1.05e-3;
Km = 0.077;
Kw = 0.091;
J = 89e-6;
Jn = 25.94;
i = 619;
KPDr = 0.8;
Jd = 4.4e-6;
c = 490873;
a = 0.002;
b = -a;
n = 1/i;
F1 = 0.003;
F2 = 0.003;
G1 = 0.06;
G2 = 0.16;
G = 0.15;
laz = 1.612;
lel = 1.586;

%w = tf([692 0 0 0], [1e-6 2.045 2.86 1])
% w1 = tf([692 4077.73 5702.84 1994], [1e-6 2.045 2.86 1])
%asd = c2d(w, 0.01, 'zoh')
%asd1 = c2d(w, 0.001, 'zoh')
% w2 = tf([-692 0 0 0],[2.045 2.86 1 0],'IODelay',0.001)
% w3 = tf([692 0 0 0], [2.045 2.86 1 0])
% w4 = tf([-692 -4077.73 -5702.84 -1994],[2.045 2.86 1 0],'InputDelay',0.001)
% w5 = tf([692 4077.73 5702.84 1994], [2.045 2.86 1 0])
% hui2 = c2d(w4,0.001, 'zoh') + c2d(w5,0.001,'zoh')